0.772518621076
0.665988770005
0.0897427995482
0.384114915
0.220350409407
0.193073507248
0.690416938372
0.405560032307
0.0430586353902
0.962300098982
0.023659115452
0.569857068214
0.78498057742
0.86691495614
0.323380681305
0.705575210123
0.850307311694
0.112824124359
0.0556408056108
0.994719240078
0.723969725659
0.220533467736
0.68826444458
0.730589683642
0.936468651249
0.374109107037
0.80405723808
0.911560005875
0.639460811944
0.508531212867
0.753996738634
0.793128931671
0.77732186888
0.373073106968
0.943506615187
0.790905139364
0.68848051978
0.639325506339
0.908775536106
0.291612569565
0.348942519455
0.879267107845
0.00659392881628
0.951347782228
0.453388498498
0.605896875524
0.62661208235
0.992837311604
0.519885247659
0.621627136263
0.94719153361
0.775980091594
0.712980983219
0.336871361584
0.743075844365
0.713801668934
0.809182177976
0.668648371643
0.844756353622
0.82541566904
0.381060480015
0.823757396467
0.0175177289919
0.821014627792
0.175473047683
0.757454244951
0.853201378359
0.00882007926588
0.652497535993
0.968592440982
0.250343944151
0.991664543969
0.854778120443
0.539726604143
0.572876943904
0.39965319267
0.525699233472
0.895747701155
0.154649707525
0.379712046696
0.085816621264
0.12536984591
0.119360972555
0.552672384418
0.824441172752
0.284538207111
0.313310987504
0.821871329593
0.947697389333
0.682363737031
0.580759749414
0.847011358945
0.427325235736
0.184831221529
0.940698892652
0.922018428707
0.130176403619
0.137294802588
0.192233145783
0.956505694463
0.660263838679
0.125315603957
0.341317905254
0.270907739323
0.103413606076
0.108684263191
0.241775532065
0.110671133354
0.0921662432497
0.58432720132
0.714968438868
0.86772955639
0.0171034551067
0.269016811681
0.984557808524
0.859841128034
0.984337787311
0.742026387254
0.224098770919
0.425092061215
0.0411843885802
0.69292920402
0.315271107801
0.0838495155871
0.00615367029773
0.415752192691
0.594630456302
0.776713838707
0.896780891045
0.487371789776
0.773954501994
0.206938255256
0.411293424246
0.354104932105
0.233602796995
0.883295283054
0.00701945528213
0.435233316142
0.743508635329
0.0244207101788
0.455372499294
0.526621068745
0.999436688744
0.11556833206
0.867887288573
0.104829057734
0.994128580645
0.0512655136642
0.449282270722
0.662663401049
0.244249510338
0.299978440748
0.853200695524
0.478475533316
0.0298521527825
0.525691995423
0.507186919015
0.488181017507
0.647298845543
0.86574932956
0.591570309244
0.658236243013
0.518890626549
0.187848940378
0.458557834874
0.688345560856
0.268435514044
0.935445105851
0.593090138966
0.777257690002
0.710074759723
0.530875406433
0.884215980784
0.108528065369
0.972577945288
0.268755787996
0.677632145209
0.270174241911
0.508592833706
0.0891296798775
0.090569129139
0.0785383115931
0.603045221954
0.12383241769
0.562107282924
0.0897771821965
0.767117241254
0.682203347577
0.357697369492
0.955827961578
0.171331445539
0.235179053816
0.168697691468
0.350195928365
0.902431358058
0.179491713599
0.405729527503
0.122832800337
0.695885164082
0.237751582264
0.902415872975
0.602393709656
0.994151841836
0.392919514897
0.930345890065
0.47876762418
0.0132726523739
0.665244012139
0.178427840264
0.161453826227
0.452953410144
0.0287560497869
0.147121185399
0.936198793623
0.817632534249
0.606855077505
0.284178462041
0.85161092609
0.572669551501
0.58362624712
0.826892237923
0.929317648838
0.756118247585
0.121697486699
0.160961663406
0.400950541393
0.750075614997
0.30533758121
0.880596631796
0.299315946032
0.732010775876
0.698012330912
0.0541284431921
0.81779555912
0.976074438778
0.286180706324
0.0393927648772
0.663504679805
0.964396756644
0.650951409939
0.429015804136
0.128305316505
0.245508395076
0.13111983282
0.591520647712
0.58451729687
0.724720916552
0.628185101116
0.852002348311
0.423387470353
0.0483190231629
0.216674663281
0.573023661649
0.189626097892
0.457246887859
0.434868336042
0.579486344452
0.0716477770442
0.469930529479
0.222595811558
0.637576471727
0.518028673915
0.508061765545
0.131119178332
0.701121554987
0.285736693986
0.662919304621
0.089862956004
0.272905241004
0.437290627595
0.418517638464
0.474439792297
0.136062495218
0.516891696033
0.642831830734
0.943271746301
0.0511173107766
0.704641813716
0.287291986679
0.355769413297
0.632559490573
0.499946377547
0.459641320237
0.600192530747
0.599423953736
0.436104933864
0.303348744979
0.861380258362
0.738650089545
0.206561748466
0.328448265196
0.189852728901
0.634951994626
0.834418656388
0.320883972551
0.307302646603
0.282606093527
0.852874830423
0.977640149961
0.0030861181858
0.68697737626
0.882431158911
0.718644909184
0.962705597827
0.422014278827
0.495336804091
0.344190041018
0.807357636722
0.277358932394
0.609995877208
0.108820889179
0.0847771841292
0.62557509918
0.904216795151
0.708131139039
0.220735834083
0.875031424267
0.599749848523
0.724195370238
0.43798981804
0.85811681311
0.777611861956
0.597248644342
0.134953968401
0.45188532592
0.533529771524
0.190432834043
0.948573150824
0.930620221714
0.541951137679
0.383236206782
0.512259259281
0.294705383196
0.0502198345123
0.529632081223
0.87581575839
0.241253050277
0.096250839226
0.0430071146958
0.132942703066
0.475846092574
0.627587237491
0.733405696657
0.0103585298386
0.0128742991191
0.53106121744
0.422427995943
0.161783923559
0.799364416973
0.790902812942
0.930836997881
0.783987467522
0.346774238288
0.190256518745
0.910124481336
0.526335102818
0.317879368392
0.805320962441
0.493654985452
0.197759928473
0.245112188858
0.236224735065
0.179999554097
0.0233674903837
0.25416014039
0.306110890625
0.197901142947
0.401870860627
0.763287364965
0.913862949359
0.292724728561
0.678560389531
0.412959347972
0.76237889187
0.509325424021
0.142575949978
0.99552894378
0.745130020828
0.558014666528
0.042754870215
0.0771057126344
0.561758388356
0.851021473293
0.497464188151
0.421655667016
0.635889377064
0.298970694546
0.857919869116
0.623995256938
0.384631280535
0.330026514822
0.192409958532
0.665151526024
0.00219037267938
0.540344585354
0.665420163482
0.0822564432805
0.475621009024
0.477162302444
0.976170985006
0.266901082107
0.236579341322
0.375539165769
0.92073517603
0.127253242668
0.994920973548
0.50196658353
0.441637701361
0.170932104843
0.162927933374
0.230594590012
0.214589020675
0.25659444205
0.798821354893
0.473065959369
0.0718378396536
0.660117542905
0.121494375314
0.226834175488
0.19808791012
0.493260122526
0.983308657226
0.354165049015
0.611591903341
0.156643788833
0.830074284657
0.58368855295
0.783780852391
0.724647506425
0.773948772325
0.427814169994
0.0225744621015
0.791480993418
0.648185669255
0.501244094868
0.304276506042
0.35016702068
0.0879255983668
0.33576959328
0.613287581778
0.606552765763
0.160546729868
0.201089981924
0.689023788072
0.87128697228
0.893658274292
0.0489903310569
0.347922453446
0.425410108284
0.427966388533
0.21246299471
0.526041147421
0.141305169665
0.267395835176
0.359924018534
0.772818616998
0.443186038999
0.167609563861
0.492050109159
0.480434021336
0.111963132677
0.688301545065
0.0799749373938
0.312453913081
0.323550721947
0.0735520159979
0.120817293367
0.285304280289
0.698671017979
0.6095344269
0.635450638901
0.578776137882
0.252463636302
0.230560325087
0.330917533102
0.478364425445
0.67674338859
0.332564779336
0.0140595928741
0.427419216584
0.429970938855
0.337926046805
0.599617138494
0.958209570423
0.512348126047
0.197601793891
0.213201069431
0.892590001814
0.91693320001
0.687989784937
0.171841385723
0.175959959429
0.241900090855
0.937616583805
0.684371255425
0.562994375659
0.246649168475
0.775991066739
0.801432916465
0.443743579249
0.310317557325
0.199962387218
0.26388677895
0.759775576947
0.0628336696732
0.00745698512464
0.32908522547
0.25218300173
0.663552670804
0.950259990216
0.883153471857
0.291157098898
0.411497370118
0.458524431622
0.2021403179
0.090801145136
0.0884028263756
0.149472901514
0.151472422955
0.0923345287247
0.264002687803
0.305560714984
0.141908418092
0.345337433446
0.234418446801
0.0501201238345
0.626537021217
0.061659996767
0.37407651437
0.0437060650936
0.551153003689
0.140596069346
0.110073044936
0.0222266215635
0.93552847819
0.502502428525
0.563349942283
0.952390603955
0.533021741221
0.8484001353
0.0158895114599
0.466009330053
0.922363132836
0.829785923032
0.26394783827
0.461888318256
0.453830982703
0.755093982507
0.108627861405
0.029357022896
0.668233537344
0.924080590902
0.232224234484
0.458896301844
0.79889689721
0.742413968288
0.221503769272
0.0213552450982
0.58132981144
0.216931389531
0.400806443757
0.325891343916
0.436554539566
0.213280468322
0.812880796872
0.94183103368
0.739798833668
0.582879081928
0.30070618144
0.820432160399
0.72448558642
0.269598765673
0.446243619094
0.161836025559
0.193865332302
0.693672513769
0.575536607546
0.0136257480952
0.701842473562
0.378474017417
0.322278092202
0.873270981987
0.993732889901
0.0152819086984
0.365427647542
0.656432775987
0.547138055619
0.0737587956816
0.16005474884
0.0812063882311
0.877955586712
0.336976675408
0.842488854621
0.185188943852
0.502818017433
0.422437401184
0.843842413805
0.642391720486
0.372197173461
0.397672876892
0.953169061851
0.435473715659
0.613063846889
0.0176864754506
0.948205139636
0.164237587347
0.295706515056
0.259343569076
0.333100739035
0.0518448833304
0.491700609849
0.293020780817
0.679335816374
0.875747291985
0.390576913551
0.878235857562
0.819380982349
0.0525560153558
0.773767877973
0.26904968369
0.86060074509
0.626877070669
0.237837554339
0.233755308264
0.493062868545
0.654689182614
0.664913706521
0.800070612371
0.368895610361
0.629313224547
0.227281131716
0.019490176856
0.720889283443
0.426202933932
0.50881585013
0.557198290928
0.653985589508
0.723866629531
0.179423018339
0.346348247732
0.0626634197965
0.884363964
0.284676989752
0.0372779113198
0.532745910999
0.10751380554
0.572783927351
0.0985494904966
0.78747042799
0.95408308865
0.15844089364
0.165098670911
0.512613917276
0.180481560375
0.653725990184
0.0474810137128
0.713052759969
0.314045532153
0.141202879687
0.934676078053
0.482089722383
0.436464246533
0.0755465277769
0.268867595672
0.473776595022
0.270965493703
0.990562751142
0.507847710607
0.343460986979
0.758348828952
0.849650897341
0.84967746069
0.616107356019
0.393164161235
0.42899327248
0.624346528224
0.978223381264
0.0037291212303
0.859551622599
0.999936380173
0.172774015682
0.306385933745
0.725646965724
0.127664570059
0.0948877803796
0.806576254635
0.371950515949
0.879394898133
0.351189833285
0.87271269461
0.542279437845
0.1392885704
0.584656399443
0.635248541556
0.577292134199
0.0377860090475
0.382696839167
0.625217274187
0.311271403188
0.465969038215
0.635834186664
0.818930827327
0.0013692446917
0.477415545309
0.715709843555
0.392874588057
0.719452323927
0.253952014944
0.200219343868
0.205058246877
0.823419589975
0.23937735789
0.41154117639
0.521408223329
0.0404326412681
0.41612775149
0.975137127176
0.560170558316
0.384886963608
0.719494896122
0.179228111803
0.832950370209
0.770383005427
0.520168372857
0.831923761474
0.0290553212386
0.00904042578987
0.0797646797796
0.724336906589
0.352157920962
0.590008686683
0.588305586802
0.881577517094
0.136810131858
0.248939270356
0.35922657459
0.740211163303
0.0894968443765
0.495722084918
0.783340186646